bn-100k-662k.edges,662431,5,.055640357,0,0,0,5
bn-100k-662k.edges,662431,5,.055640357,0,0,0,5
bn-100k-662k.edges,662431,10,.014122752,0,0,0,5
bn-100k-662k.edges,662431,5,.055640357,0,0,0,5
bn-100k-662k.edges,662431,10,.014122752,0,0,0,5
bn-1.8M-166M.edges,165672643,5,22.350737896,0,0,0,5
bn-100k-662k.edges,662431,5,.055640357,0,0,0,5
bn-100k-662k.edges,662431,10,.014122752,0,0,0,5
bn-1.8M-166M.edges,165672643,5,22.350737896,0,0,0,5
bn-1.8M-166M.edges,165672643,10,21.144769592,0,0,0,5
bn-100k-662k.edges,662431,5,.055640357,0,0,0,5
bn-100k-662k.edges,662431,10,.014122752,0,0,0,5
bn-1.8M-166M.edges,165672643,5,22.350737896,0,0,0,5
bn-1.8M-166M.edges,165672643,10,21.144769592,0,0,0,5
bn-34k-181k.edges,180811,5,.013267079,0,0,0,5
bn-100k-662k.edges,662431,5,.055640357,0,0,0,5
bn-100k-662k.edges,662431,10,.014122752,0,0,0,5
bn-1.8M-166M.edges,165672643,5,22.350737896,0,0,0,5
bn-1.8M-166M.edges,165672643,10,21.144769592,0,0,0,5
bn-34k-181k.edges,180811,5,.013267079,0,0,0,5
bn-34k-181k.edges,180811,10,.006600425,0,0,0,5
bn-100k-662k.edges,662431,5,.055640357,0,0,0,5
bn-100k-662k.edges,662431,10,.014122752,0,0,0,5
bn-1.8M-166M.edges,165672643,5,22.350737896,0,0,0,5
bn-1.8M-166M.edges,165672643,10,21.144769592,0,0,0,5
bn-34k-181k.edges,180811,5,.013267079,0,0,0,5
bn-34k-181k.edges,180811,10,.006600425,0,0,0,5
bn-434k-16M.edges,16036720,5,1.700019747,0,0,0,5
bn-100k-662k.edges,662431,5,.055640357,0,0,0,5
bn-100k-662k.edges,662431,10,.014122752,0,0,0,5
bn-1.8M-166M.edges,165672643,5,22.350737896,0,0,0,5
bn-1.8M-166M.edges,165672643,10,21.144769592,0,0,0,5
bn-34k-181k.edges,180811,5,.013267079,0,0,0,5
bn-34k-181k.edges,180811,10,.006600425,0,0,0,5
bn-434k-16M.edges,16036720,5,1.700019747,0,0,0,5
bn-434k-16M.edges,16036720,10,1.645954598,0,0,0,5
bn-100k-662k.edges,662431,5,.055640357,0,0,0,5
bn-100k-662k.edges,662431,10,.014122752,0,0,0,5
bn-1.8M-166M.edges,165672643,5,22.350737896,0,0,0,5
bn-1.8M-166M.edges,165672643,10,21.144769592,0,0,0,5
bn-34k-181k.edges,180811,5,.013267079,0,0,0,5
bn-34k-181k.edges,180811,10,.006600425,0,0,0,5
bn-434k-16M.edges,16036720,5,1.700019747,0,0,0,5
bn-434k-16M.edges,16036720,10,1.645954598,0,0,0,5
bn-449k-3.3M.edges,3314611,5,.408228385,0,0,0,5
bn-100k-662k.edges,662431,5,.055640357,0,0,0,5
bn-100k-662k.edges,662431,10,.014122752,0,0,0,5
bn-1.8M-166M.edges,165672643,5,22.350737896,0,0,0,5
bn-1.8M-166M.edges,165672643,10,21.144769592,0,0,0,5
bn-34k-181k.edges,180811,5,.013267079,0,0,0,5
bn-34k-181k.edges,180811,10,.006600425,0,0,0,5
bn-434k-16M.edges,16036720,5,1.700019747,0,0,0,5
bn-434k-16M.edges,16036720,10,1.645954598,0,0,0,5
bn-449k-3.3M.edges,3314611,5,.408228385,0,0,0,5
bn-449k-3.3M.edges,3314611,10,.323384665,0,0,0,5
bn-100k-662k.edges,662431,5,.055640357,0,0,0,5
bn-100k-662k.edges,662431,10,.014122752,0,0,0,5
bn-1.8M-166M.edges,165672643,5,22.350737896,0,0,0,5
bn-1.8M-166M.edges,165672643,10,21.144769592,0,0,0,5
bn-34k-181k.edges,180811,5,.013267079,0,0,0,5
bn-34k-181k.edges,180811,10,.006600425,0,0,0,5
bn-434k-16M.edges,16036720,5,1.700019747,0,0,0,5
bn-434k-16M.edges,16036720,10,1.645954598,0,0,0,5
bn-449k-3.3M.edges,3314611,5,.408228385,0,0,0,5
bn-449k-3.3M.edges,3314611,10,.323384665,0,0,0,5
bn-65-1K.edges,1139,5,.002422649,0,0,0,5
bn-100k-662k.edges,662431,5,.055640357,0,0,0,5
bn-100k-662k.edges,662431,10,.014122752,0,0,0,5
bn-1.8M-166M.edges,165672643,5,22.350737896,0,0,0,5
bn-1.8M-166M.edges,165672643,10,21.144769592,0,0,0,5
bn-34k-181k.edges,180811,5,.013267079,0,0,0,5
bn-34k-181k.edges,180811,10,.006600425,0,0,0,5
bn-434k-16M.edges,16036720,5,1.700019747,0,0,0,5
bn-434k-16M.edges,16036720,10,1.645954598,0,0,0,5
bn-449k-3.3M.edges,3314611,5,.408228385,0,0,0,5
bn-449k-3.3M.edges,3314611,10,.323384665,0,0,0,5
bn-65-1K.edges,1139,5,.002422649,0,0,0,5
bn-65-1K.edges,1139,10,.002504645,0,0,0,5
bn-100k-662k.edges,662431,5,.055640357,0,0,0,5
bn-100k-662k.edges,662431,10,.014122752,0,0,0,5
bn-1.8M-166M.edges,165672643,5,22.350737896,0,0,0,5
bn-1.8M-166M.edges,165672643,10,21.144769592,0,0,0,5
bn-34k-181k.edges,180811,5,.013267079,0,0,0,5
bn-34k-181k.edges,180811,10,.006600425,0,0,0,5
bn-434k-16M.edges,16036720,5,1.700019747,0,0,0,5
bn-434k-16M.edges,16036720,10,1.645954598,0,0,0,5
bn-449k-3.3M.edges,3314611,5,.408228385,0,0,0,5
bn-449k-3.3M.edges,3314611,10,.323384665,0,0,0,5
bn-65-1K.edges,1139,5,.002422649,0,0,0,5
bn-65-1K.edges,1139,10,.002504645,0,0,0,5
bn-7k-50k.edges,49788,5,.003749027,0,0,0,5
bn-100k-662k.edges,662431,5,.055640357,0,0,0,5
bn-100k-662k.edges,662431,10,.014122752,0,0,0,5
bn-1.8M-166M.edges,165672643,5,22.350737896,0,0,0,5
bn-1.8M-166M.edges,165672643,10,21.144769592,0,0,0,5
bn-34k-181k.edges,180811,5,.013267079,0,0,0,5
bn-34k-181k.edges,180811,10,.006600425,0,0,0,5
bn-434k-16M.edges,16036720,5,1.700019747,0,0,0,5
bn-434k-16M.edges,16036720,10,1.645954598,0,0,0,5
bn-449k-3.3M.edges,3314611,5,.408228385,0,0,0,5
bn-449k-3.3M.edges,3314611,10,.323384665,0,0,0,5
bn-65-1K.edges,1139,5,.002422649,0,0,0,5
bn-65-1K.edges,1139,10,.002504645,0,0,0,5
bn-7k-50k.edges,49788,5,.003749027,0,0,0,5
bn-7k-50k.edges,49788,10,.022691270,0,0,0,5
bn-100k-662k.edges,662431,5,.055640357,0,0,0,5
bn-100k-662k.edges,662431,10,.014122752,0,0,0,5
bn-1.8M-166M.edges,165672643,5,22.350737896,0,0,0,5
bn-1.8M-166M.edges,165672643,10,21.144769592,0,0,0,5
bn-34k-181k.edges,180811,5,.013267079,0,0,0,5
bn-34k-181k.edges,180811,10,.006600425,0,0,0,5
bn-434k-16M.edges,16036720,5,1.700019747,0,0,0,5
bn-434k-16M.edges,16036720,10,1.645954598,0,0,0,5
bn-449k-3.3M.edges,3314611,5,.408228385,0,0,0,5
bn-449k-3.3M.edges,3314611,10,.323384665,0,0,0,5
bn-65-1K.edges,1139,5,.002422649,0,0,0,5
bn-65-1K.edges,1139,10,.002504645,0,0,0,5
bn-7k-50k.edges,49788,5,.003749027,0,0,0,5
bn-7k-50k.edges,49788,10,.022691270,0,0,0,5
bn-800-19k.edges,19176,5,.002661699,0,0,0,5
bn-100k-662k.edges,662431,5,.055640357,0,0,0,5
bn-100k-662k.edges,662431,10,.014122752,0,0,0,5
bn-1.8M-166M.edges,165672643,5,22.350737896,0,0,0,5
bn-1.8M-166M.edges,165672643,10,21.144769592,0,0,0,5
bn-34k-181k.edges,180811,5,.013267079,0,0,0,5
bn-34k-181k.edges,180811,10,.006600425,0,0,0,5
bn-434k-16M.edges,16036720,5,1.700019747,0,0,0,5
bn-434k-16M.edges,16036720,10,1.645954598,0,0,0,5
bn-449k-3.3M.edges,3314611,5,.408228385,0,0,0,5
bn-449k-3.3M.edges,3314611,10,.323384665,0,0,0,5
bn-65-1K.edges,1139,5,.002422649,0,0,0,5
bn-65-1K.edges,1139,10,.002504645,0,0,0,5
bn-7k-50k.edges,49788,5,.003749027,0,0,0,5
bn-7k-50k.edges,49788,10,.022691270,0,0,0,5
bn-800-19k.edges,19176,5,.002661699,0,0,0,5
bn-800-19k.edges,19176,10,.003271513,0,0,0,5
bn-100k-662k.edges,662431,5,.055640357,0,0,0,5
bn-100k-662k.edges,662431,10,.014122752,0,0,0,5
bn-1.8M-166M.edges,165672643,5,22.350737896,0,0,0,5
bn-1.8M-166M.edges,165672643,10,21.144769592,0,0,0,5
bn-34k-181k.edges,180811,5,.013267079,0,0,0,5
bn-34k-181k.edges,180811,10,.006600425,0,0,0,5
bn-434k-16M.edges,16036720,5,1.700019747,0,0,0,5
bn-434k-16M.edges,16036720,10,1.645954598,0,0,0,5
bn-449k-3.3M.edges,3314611,5,.408228385,0,0,0,5
bn-449k-3.3M.edges,3314611,10,.323384665,0,0,0,5
bn-65-1K.edges,1139,5,.002422649,0,0,0,5
bn-65-1K.edges,1139,10,.002504645,0,0,0,5
bn-7k-50k.edges,49788,5,.003749027,0,0,0,5
bn-7k-50k.edges,49788,10,.022691270,0,0,0,5
bn-800-19k.edges,19176,5,.002661699,0,0,0,5
bn-800-19k.edges,19176,10,.003271513,0,0,0,5
bn-human-BNU_1_0025868_session_1-bg_150M.edges,150443553,5,19.636272971,0,0,0,5
bn-100k-662k.edges,662431,5,.055640357,0,0,0,5
bn-100k-662k.edges,662431,10,.014122752,0,0,0,5
bn-1.8M-166M.edges,165672643,5,22.350737896,0,0,0,5
bn-1.8M-166M.edges,165672643,10,21.144769592,0,0,0,5
bn-34k-181k.edges,180811,5,.013267079,0,0,0,5
bn-34k-181k.edges,180811,10,.006600425,0,0,0,5
bn-434k-16M.edges,16036720,5,1.700019747,0,0,0,5
bn-434k-16M.edges,16036720,10,1.645954598,0,0,0,5
bn-449k-3.3M.edges,3314611,5,.408228385,0,0,0,5
bn-449k-3.3M.edges,3314611,10,.323384665,0,0,0,5
bn-65-1K.edges,1139,5,.002422649,0,0,0,5
bn-65-1K.edges,1139,10,.002504645,0,0,0,5
bn-7k-50k.edges,49788,5,.003749027,0,0,0,5
bn-7k-50k.edges,49788,10,.022691270,0,0,0,5
bn-800-19k.edges,19176,5,.002661699,0,0,0,5
bn-800-19k.edges,19176,10,.003271513,0,0,0,5
bn-human-BNU_1_0025868_session_1-bg_150M.edges,150443553,5,19.636272971,0,0,0,5
bn-human-BNU_1_0025868_session_1-bg_150M.edges,150443553,10,19.486734894,0,0,0,5
bn-100k-662k.edges,662431,5,.055640357,0,0,0,5
bn-100k-662k.edges,662431,10,.014122752,0,0,0,5
bn-1.8M-166M.edges,165672643,5,22.350737896,0,0,0,5
bn-1.8M-166M.edges,165672643,10,21.144769592,0,0,0,5
bn-34k-181k.edges,180811,5,.013267079,0,0,0,5
bn-34k-181k.edges,180811,10,.006600425,0,0,0,5
bn-434k-16M.edges,16036720,5,1.700019747,0,0,0,5
bn-434k-16M.edges,16036720,10,1.645954598,0,0,0,5
bn-449k-3.3M.edges,3314611,5,.408228385,0,0,0,5
bn-449k-3.3M.edges,3314611,10,.323384665,0,0,0,5
bn-65-1K.edges,1139,5,.002422649,0,0,0,5
bn-65-1K.edges,1139,10,.002504645,0,0,0,5
bn-7k-50k.edges,49788,5,.003749027,0,0,0,5
bn-7k-50k.edges,49788,10,.022691270,0,0,0,5
bn-800-19k.edges,19176,5,.002661699,0,0,0,5
bn-800-19k.edges,19176,10,.003271513,0,0,0,5
bn-human-BNU_1_0025868_session_1-bg_150M.edges,150443553,5,19.636272971,0,0,0,5
bn-human-BNU_1_0025868_session_1-bg_150M.edges,150443553,10,19.486734894,0,0,0,5
bn-human-BNU_1_0025869_session_2-bg_150M.edges,151544915,5,20.620606394,0,0,0,5
bn-100k-662k.edges,662431,5,.055640357,0,0,0,5
bn-100k-662k.edges,662431,10,.014122752,0,0,0,5
bn-1.8M-166M.edges,165672643,5,22.350737896,0,0,0,5
bn-1.8M-166M.edges,165672643,10,21.144769592,0,0,0,5
bn-34k-181k.edges,180811,5,.013267079,0,0,0,5
bn-34k-181k.edges,180811,10,.006600425,0,0,0,5
bn-434k-16M.edges,16036720,5,1.700019747,0,0,0,5
bn-434k-16M.edges,16036720,10,1.645954598,0,0,0,5
bn-449k-3.3M.edges,3314611,5,.408228385,0,0,0,5
bn-449k-3.3M.edges,3314611,10,.323384665,0,0,0,5
bn-65-1K.edges,1139,5,.002422649,0,0,0,5
bn-65-1K.edges,1139,10,.002504645,0,0,0,5
bn-7k-50k.edges,49788,5,.003749027,0,0,0,5
bn-7k-50k.edges,49788,10,.022691270,0,0,0,5
bn-800-19k.edges,19176,5,.002661699,0,0,0,5
bn-800-19k.edges,19176,10,.003271513,0,0,0,5
bn-human-BNU_1_0025868_session_1-bg_150M.edges,150443553,5,19.636272971,0,0,0,5
bn-human-BNU_1_0025868_session_1-bg_150M.edges,150443553,10,19.486734894,0,0,0,5
bn-human-BNU_1_0025869_session_2-bg_150M.edges,151544915,5,20.620606394,0,0,0,5
bn-human-BNU_1_0025869_session_2-bg_150M.edges,151544915,10,41.277439553,0,0,0,5
bn-100k-662k.edges,662431,5,.055640357,0,0,0,5
bn-100k-662k.edges,662431,10,.014122752,0,0,0,5
bn-1.8M-166M.edges,165672643,5,22.350737896,0,0,0,5
bn-1.8M-166M.edges,165672643,10,21.144769592,0,0,0,5
bn-34k-181k.edges,180811,5,.013267079,0,0,0,5
bn-34k-181k.edges,180811,10,.006600425,0,0,0,5
bn-434k-16M.edges,16036720,5,1.700019747,0,0,0,5
bn-434k-16M.edges,16036720,10,1.645954598,0,0,0,5
bn-449k-3.3M.edges,3314611,5,.408228385,0,0,0,5
bn-449k-3.3M.edges,3314611,10,.323384665,0,0,0,5
bn-65-1K.edges,1139,5,.002422649,0,0,0,5
bn-65-1K.edges,1139,10,.002504645,0,0,0,5
bn-7k-50k.edges,49788,5,.003749027,0,0,0,5
bn-7k-50k.edges,49788,10,.022691270,0,0,0,5
bn-800-19k.edges,19176,5,.002661699,0,0,0,5
bn-800-19k.edges,19176,10,.003271513,0,0,0,5
bn-human-BNU_1_0025868_session_1-bg_150M.edges,150443553,5,19.636272971,0,0,0,5
bn-human-BNU_1_0025868_session_1-bg_150M.edges,150443553,10,19.486734894,0,0,0,5
bn-human-BNU_1_0025869_session_2-bg_150M.edges,151544915,5,20.620606394,0,0,0,5
bn-human-BNU_1_0025869_session_2-bg_150M.edges,151544915,10,41.277439553,0,0,0,5
bn-human-BNU_1_0025871_session_1-bg_170M.edges,168679312,5,36.369970747,0,0,0,5
bn-100k-662k.edges,662431,5,.055640357,0,0,0,5
bn-100k-662k.edges,662431,10,.014122752,0,0,0,5
bn-1.8M-166M.edges,165672643,5,22.350737896,0,0,0,5
bn-1.8M-166M.edges,165672643,10,21.144769592,0,0,0,5
bn-34k-181k.edges,180811,5,.013267079,0,0,0,5
bn-34k-181k.edges,180811,10,.006600425,0,0,0,5
bn-434k-16M.edges,16036720,5,1.700019747,0,0,0,5
bn-434k-16M.edges,16036720,10,1.645954598,0,0,0,5
bn-449k-3.3M.edges,3314611,5,.408228385,0,0,0,5
bn-449k-3.3M.edges,3314611,10,.323384665,0,0,0,5
bn-65-1K.edges,1139,5,.002422649,0,0,0,5
bn-65-1K.edges,1139,10,.002504645,0,0,0,5
bn-7k-50k.edges,49788,5,.003749027,0,0,0,5
bn-7k-50k.edges,49788,10,.022691270,0,0,0,5
bn-800-19k.edges,19176,5,.002661699,0,0,0,5
bn-800-19k.edges,19176,10,.003271513,0,0,0,5
bn-human-BNU_1_0025868_session_1-bg_150M.edges,150443553,5,19.636272971,0,0,0,5
bn-human-BNU_1_0025868_session_1-bg_150M.edges,150443553,10,19.486734894,0,0,0,5
bn-human-BNU_1_0025869_session_2-bg_150M.edges,151544915,5,20.620606394,0,0,0,5
bn-human-BNU_1_0025869_session_2-bg_150M.edges,151544915,10,41.277439553,0,0,0,5
bn-human-BNU_1_0025871_session_1-bg_170M.edges,168679312,5,36.369970747,0,0,0,5
bn-human-BNU_1_0025871_session_1-bg_170M.edges,168679312,10,31.794400799,0,0,0,5
bn-100k-662k.edges,662431,5,.055640357,0,0,0,5
bn-100k-662k.edges,662431,10,.014122752,0,0,0,5
bn-1.8M-166M.edges,165672643,5,22.350737896,0,0,0,5
bn-1.8M-166M.edges,165672643,10,21.144769592,0,0,0,5
bn-34k-181k.edges,180811,5,.013267079,0,0,0,5
bn-34k-181k.edges,180811,10,.006600425,0,0,0,5
bn-434k-16M.edges,16036720,5,1.700019747,0,0,0,5
bn-434k-16M.edges,16036720,10,1.645954598,0,0,0,5
bn-449k-3.3M.edges,3314611,5,.408228385,0,0,0,5
bn-449k-3.3M.edges,3314611,10,.323384665,0,0,0,5
bn-65-1K.edges,1139,5,.002422649,0,0,0,5
bn-65-1K.edges,1139,10,.002504645,0,0,0,5
bn-7k-50k.edges,49788,5,.003749027,0,0,0,5
bn-7k-50k.edges,49788,10,.022691270,0,0,0,5
bn-800-19k.edges,19176,5,.002661699,0,0,0,5
bn-800-19k.edges,19176,10,.003271513,0,0,0,5
bn-human-BNU_1_0025868_session_1-bg_150M.edges,150443553,5,19.636272971,0,0,0,5
bn-human-BNU_1_0025868_session_1-bg_150M.edges,150443553,10,19.486734894,0,0,0,5
bn-human-BNU_1_0025869_session_2-bg_150M.edges,151544915,5,20.620606394,0,0,0,5
bn-human-BNU_1_0025869_session_2-bg_150M.edges,151544915,10,41.277439553,0,0,0,5
bn-human-BNU_1_0025871_session_1-bg_170M.edges,168679312,5,36.369970747,0,0,0,5
bn-human-BNU_1_0025871_session_1-bg_170M.edges,168679312,10,31.794400799,0,0,0,5
bn-human-BNU_1_0025876_session_2-bg_140M.edges,139871242,5,19.438567285,0,0,0,5
bn-100k-662k.edges,662431,5,.055640357,0,0,0,5
bn-100k-662k.edges,662431,10,.014122752,0,0,0,5
bn-1.8M-166M.edges,165672643,5,22.350737896,0,0,0,5
bn-1.8M-166M.edges,165672643,10,21.144769592,0,0,0,5
bn-34k-181k.edges,180811,5,.013267079,0,0,0,5
bn-34k-181k.edges,180811,10,.006600425,0,0,0,5
bn-434k-16M.edges,16036720,5,1.700019747,0,0,0,5
bn-434k-16M.edges,16036720,10,1.645954598,0,0,0,5
bn-449k-3.3M.edges,3314611,5,.408228385,0,0,0,5
bn-449k-3.3M.edges,3314611,10,.323384665,0,0,0,5
bn-65-1K.edges,1139,5,.002422649,0,0,0,5
bn-65-1K.edges,1139,10,.002504645,0,0,0,5
bn-7k-50k.edges,49788,5,.003749027,0,0,0,5
bn-7k-50k.edges,49788,10,.022691270,0,0,0,5
bn-800-19k.edges,19176,5,.002661699,0,0,0,5
bn-800-19k.edges,19176,10,.003271513,0,0,0,5
bn-human-BNU_1_0025868_session_1-bg_150M.edges,150443553,5,19.636272971,0,0,0,5
bn-human-BNU_1_0025868_session_1-bg_150M.edges,150443553,10,19.486734894,0,0,0,5
bn-human-BNU_1_0025869_session_2-bg_150M.edges,151544915,5,20.620606394,0,0,0,5
bn-human-BNU_1_0025869_session_2-bg_150M.edges,151544915,10,41.277439553,0,0,0,5
bn-human-BNU_1_0025871_session_1-bg_170M.edges,168679312,5,36.369970747,0,0,0,5
bn-human-BNU_1_0025871_session_1-bg_170M.edges,168679312,10,31.794400799,0,0,0,5
bn-human-BNU_1_0025876_session_2-bg_140M.edges,139871242,5,19.438567285,0,0,0,5
bn-human-BNU_1_0025876_session_2-bg_140M.edges,139871242,10,18.944988054,0,0,0,5
bn-100k-662k.edges,662431,5,.055640357,0,0,0,5
bn-100k-662k.edges,662431,10,.014122752,0,0,0,5
bn-1.8M-166M.edges,165672643,5,22.350737896,0,0,0,5
bn-1.8M-166M.edges,165672643,10,21.144769592,0,0,0,5
bn-34k-181k.edges,180811,5,.013267079,0,0,0,5
bn-34k-181k.edges,180811,10,.006600425,0,0,0,5
bn-434k-16M.edges,16036720,5,1.700019747,0,0,0,5
bn-434k-16M.edges,16036720,10,1.645954598,0,0,0,5
bn-449k-3.3M.edges,3314611,5,.408228385,0,0,0,5
bn-449k-3.3M.edges,3314611,10,.323384665,0,0,0,5
bn-65-1K.edges,1139,5,.002422649,0,0,0,5
bn-65-1K.edges,1139,10,.002504645,0,0,0,5
bn-7k-50k.edges,49788,5,.003749027,0,0,0,5
bn-7k-50k.edges,49788,10,.022691270,0,0,0,5
bn-800-19k.edges,19176,5,.002661699,0,0,0,5
bn-800-19k.edges,19176,10,.003271513,0,0,0,5
bn-human-BNU_1_0025868_session_1-bg_150M.edges,150443553,5,19.636272971,0,0,0,5
bn-human-BNU_1_0025868_session_1-bg_150M.edges,150443553,10,19.486734894,0,0,0,5
bn-human-BNU_1_0025869_session_2-bg_150M.edges,151544915,5,20.620606394,0,0,0,5
bn-human-BNU_1_0025869_session_2-bg_150M.edges,151544915,10,41.277439553,0,0,0,5
bn-human-BNU_1_0025871_session_1-bg_170M.edges,168679312,5,36.369970747,0,0,0,5
bn-human-BNU_1_0025871_session_1-bg_170M.edges,168679312,10,31.794400799,0,0,0,5
bn-human-BNU_1_0025876_session_2-bg_140M.edges,139871242,5,19.438567285,0,0,0,5
bn-human-BNU_1_0025876_session_2-bg_140M.edges,139871242,10,18.944988054,0,0,0,5
bn-human-BNU_1_0025889_session_2_130M.edges,131926773,5,18.411341292,0,0,0,5
bn-100k-662k.edges,662431,5,.055640357,0,0,0,5
bn-100k-662k.edges,662431,10,.014122752,0,0,0,5
bn-1.8M-166M.edges,165672643,5,22.350737896,0,0,0,5
bn-1.8M-166M.edges,165672643,10,21.144769592,0,0,0,5
bn-34k-181k.edges,180811,5,.013267079,0,0,0,5
bn-34k-181k.edges,180811,10,.006600425,0,0,0,5
bn-434k-16M.edges,16036720,5,1.700019747,0,0,0,5
bn-434k-16M.edges,16036720,10,1.645954598,0,0,0,5
bn-449k-3.3M.edges,3314611,5,.408228385,0,0,0,5
bn-449k-3.3M.edges,3314611,10,.323384665,0,0,0,5
bn-65-1K.edges,1139,5,.002422649,0,0,0,5
bn-65-1K.edges,1139,10,.002504645,0,0,0,5
bn-7k-50k.edges,49788,5,.003749027,0,0,0,5
bn-7k-50k.edges,49788,10,.022691270,0,0,0,5
bn-800-19k.edges,19176,5,.002661699,0,0,0,5
bn-800-19k.edges,19176,10,.003271513,0,0,0,5
bn-human-BNU_1_0025868_session_1-bg_150M.edges,150443553,5,19.636272971,0,0,0,5
bn-human-BNU_1_0025868_session_1-bg_150M.edges,150443553,10,19.486734894,0,0,0,5
bn-human-BNU_1_0025869_session_2-bg_150M.edges,151544915,5,20.620606394,0,0,0,5
bn-human-BNU_1_0025869_session_2-bg_150M.edges,151544915,10,41.277439553,0,0,0,5
bn-human-BNU_1_0025871_session_1-bg_170M.edges,168679312,5,36.369970747,0,0,0,5
bn-human-BNU_1_0025871_session_1-bg_170M.edges,168679312,10,31.794400799,0,0,0,5
bn-human-BNU_1_0025876_session_2-bg_140M.edges,139871242,5,19.438567285,0,0,0,5
bn-human-BNU_1_0025876_session_2-bg_140M.edges,139871242,10,18.944988054,0,0,0,5
bn-human-BNU_1_0025889_session_2_130M.edges,131926773,5,18.411341292,0,0,0,5
bn-human-BNU_1_0025889_session_2_130M.edges,131926773,10,18.066826327,0,0,0,5
